11,400
11,399
11,398
11,397
11,396
11,395
11,394
11,393
11,392
11,391
11,390
11,389
11,388
11,387
11,384
11,381
11,378
11,376
11,373
11,370
11,368
11,365
11,362
11,359
11,357
11,354
11,351
11,349
11,346
11,343
11,340
11,338
11,335
11,332
11,330
11,327
11,324
11,322
11,319
11,316
11,313
11,311
11,308
11,305
11,303
11,300
11,297
11,294
11,292
11,289
11,286
11,284
11,281
11,278
11,275
11,273
11,270
11,267
11,265
11,262
11,259
11,256
11,255
11,254
11,253
11,252
11,251
11,250
11,249
11,248
11,247
11,246
11,245
11,244
11,243
11,242
11,241
11,240
11,239
11,238
11,237
11,236
11,235
11,234
11,233
11,232
11,231
11,230
11,229
11,228
11,227
11,226
11,225
11,224
11,223
11,222
11,221
11,220
11,219
11,218
11,217
11,216
11,215
11,214
11,213
11,212
11,211
11,210
11,209
11,208
11,207
11,206
11,205
11,204
11,203
11,202
11,201
11,200
11,199
11,198
11,197
11,196
11,195
11,194
11,193
11,192
11,191
11,190
11,189
11,188
11,187
11,186
11,185
11,184
11,183
11,182
11,181
11,180
11,179
11,178
11,177
11,176
11,175
11,174
11,173
11,172
11,171
11,170
11,169
11,168
11,167
11,166
11,165
11,164
11,163
11,162
11,161
11,160
11,159
11,158
11,157
11,156
11,155
11,154
11,153
11,152
11,151
11,150
11,149
11,148
11,147
11,146
11,145
11,144
11,143
11,142
11,141
11,140
11,139
11,138
11,137
11,136
11,135
11,134
11,133
11,132
11,131
11,130
11,129
11,128
11,127
11,126
11,125
11,124
11,123
11,122
11,121
11,120
11,119
11,118
11,117
11,116
11,115
11,114
11,113
11,112
11,111
11,110
11,109
11,108
11,107
11,106
11,105
11,104
11,103
11,102
11,101
11,100
11,99
11,98
11,97
11,96
11,95
11,94
11,93
11,92
11,91
11,90
11,89
11,88
11,87
11,86
11,85
11,84
11,83
11,82
11,81
11,80
11,79
11,78
11,77
11,76
11,75
11,74
11,73
11,72
11,71
11,70
11,69
11,68
11,67
11,66
11,65
11,64
11,35
11,34
11,33
11,32
11,31
11,30
11,29
11,28
11,27
11,26
11,25
11,24
11,23
11,22
11,21
11,20
11,19
11,18
11,17
11,16
11,15
11,14
11,13
11,12
11,11
11,10
11,9
11,8
11,7
11,6
11,5
11,4
11,3
11,2
11,1
11,0
7,3
5,3
4,3
3,2
2,2
1,2
0,9
11,257
11,258
11,260
11,261
11,263
11,264
11,266
11,268
11,269
11,271
11,272
11,274
11,276
11,277
11,279
11,280
11,282
11,283
11,285
11,287
11,288
11,290
11,291
11,293
11,295
11,296
11,298
11,299
11,301
11,302
11,304
11,306
11,307
11,309
11,310
11,312
11,314
11,315
11,317
11,318
11,320
11,321
11,323
11,325
11,326
11,328
11,329
11,331
11,333
11,334
11,336
11,337
11,339
11,341
11,342
11,344
11,345
11,347
11,348
11,350
11,352
11,353
11,355
11,356
11,358
11,360
11,361
11,363
11,364
11,366
11,367
11,369
11,371
11,372
11,374
11,375
11,377
11,379
11,380
11,382
11,383
11,385
11,386
1,45
3,44
2,44
1,44
3,43
2,43
1,43
3,42
2,42
1,42
3,41
2,41
1,41
3,40
2,40
1,40
3,39
2,39
1,39
3,38
2,38
1,38
3,37
2,37
1,37
3,36
2,36
1,36
3,35
2,35
1,35
3,34
2,34
1,34
3,33
2,33
1,33
3,32
2,32
1,32
3,31
2,31
1,31
3,30
2,30
1,30
3,29
2,29
1,29
3,28
2,28
1,28
3,27
2,27
1,27
3,26
2,26
1,26
3,25
2,25
1,25
3,24
2,24
1,24
3,23
2,23
1,23
3,22
2,22
1,22
3,21
2,21
1,21
3,20
2,20
1,20
3,19
2,19
1,19
3,18
2,18
1,18
3,17
2,17
1,17
3,16
2,16
1,16
3,15
2,15
1,15
3,14
2,14
1,14
3,13
2,13
1,13
3,12
2,12
1,12
3,11
2,11
1,11
3,10
2,10
1,10
3,9
2,9
1,9
3,8
2,8
1,8
3,7
2,7
1,7
3,6
2,6
1,6
3,5
2,5
1,5
3,4
2,4
1,4
3,3
3,0
2,3
2,0
1,3
1,0
0,6
0,0
0,47
0,46
0,49
0,48
0,45
0,12
0,10
0,8
0,11
0,5
0,7
0,4
0,3
