18,251
18,250
18,249
18,248
18,247
18,246
18,245
18,244
18,243
18,242
18,241
18,240
18,239
18,238
18,237
18,236
18,235
18,234
18,233
18,232
18,231
18,230
18,229
18,228
18,227
18,226
18,225
18,224
18,223
18,222
18,221
18,220
18,219
18,218
18,217
18,216
18,215
18,214
18,213
18,212
18,211
18,210
18,209
18,208
18,207
18,206
18,205
18,204
18,203
18,202
18,201
18,200
18,199
18,198
18,197
18,196
18,195
18,194
18,193
18,192
18,191
18,190
18,189
18,188
18,187
18,186
18,185
18,184
18,183
18,182
18,181
18,180
18,179
18,178
18,177
18,176
18,175
18,174
18,173
18,172
18,171
18,170
18,169
18,168
18,167
18,166
18,165
18,164
18,163
18,162
18,161
18,160
18,159
18,158
18,157
18,156
18,155
18,154
18,153
18,152
18,151
18,150
18,149
18,148
18,147
18,146
18,145
18,144
18,143
18,142
18,141
18,140
18,139
18,138
18,137
18,136
18,135
18,134
18,133
18,132
18,131
18,130
18,129
18,128
18,127
18,126
18,125
18,124
18,123
18,122
18,121
18,120
18,119
18,118
18,117
18,116
18,115
18,114
18,113
18,112
18,111
18,110
18,109
18,108
18,107
18,106
18,105
18,104
18,103
18,102
18,101
18,100
18,99
18,98
18,97
18,96
18,95
18,94
18,93
18,92
18,91
18,90
18,89
18,88
18,87
18,86
18,85
18,84
18,83
18,82
18,81
18,80
18,79
18,78
18,77
18,76
18,75
18,74
18,73
18,72
18,71
18,70
18,69
18,68
18,67
18,66
18,65
18,64
18,35
18,34
18,33
18,32
18,31
18,30
18,29
18,28
18,27
18,26
18,25
18,24
18,23
18,22
18,21
18,20
18,19
18,18
18,17
18,16
18,15
18,14
18,13
18,12
18,11
18,10
18,9
18,8
18,7
18,6
18,5
18,4
18,3
18,2
18,1
18,0
7,3
5,3
4,3
3,2
2,2
1,2
0,9
18,252
18,253
18,255
18,256
18,258
18,259
18,261
18,263
18,264
18,266
18,267
18,269
18,271
18,272
18,274
18,275
18,277
18,278
18,280
18,282
18,283
18,285
18,286
18,288
18,290
18,291
18,293
18,294
18,296
18,297
18,299
18,301
18,302
18,304
18,305
18,307
18,309
18,310
18,312
18,313
18,315
18,316
18,318
18,320
18,321
18,323
18,324
18,326
18,328
18,329
18,331
18,332
18,334
18,336
18,337
18,339
18,340
18,342
18,343
18,345
18,347
18,348
18,350
18,351
18,353
18,355
18,356
18,358
18,359
18,361
18,362
18,364
18,366
18,367
18,369
18,370
18,372
18,374
18,375
18,377
18,378
18,380
18,381
18,383
18,385
18,386
18,388
18,389
18,391
18,393
18,394
18,396
18,397
18,399
18,400
18,398
18,395
18,392
18,390
18,387
18,384
18,382
18,379
18,376
18,373
18,371
18,368
18,365
18,363
18,360
18,357
18,354
18,352
18,349
18,346
18,344
18,341
18,338
18,335
18,333
18,330
18,327
18,325
18,322
18,319
18,317
18,314
18,311
18,308
18,306
18,303
18,300
18,298
18,295
18,292
18,289
18,287
18,284
18,281
18,279
18,276
18,273
18,270
18,268
18,265
18,262
18,260
18,257
18,254
1,45
3,44
2,44
1,44
3,43
2,43
1,43
3,42
2,42
1,42
3,41
2,41
1,41
3,40
2,40
1,40
3,39
2,39
1,39
3,38
2,38
1,38
3,37
2,37
1,37
3,36
2,36
1,36
3,35
2,35
1,35
3,34
2,34
1,34
3,33
2,33
1,33
3,32
2,32
1,32
3,31
2,31
1,31
3,30
2,30
1,30
3,29
2,29
1,29
3,28
2,28
1,28
3,27
2,27
1,27
3,26
2,26
1,26
3,25
2,25
1,25
3,24
2,24
1,24
3,23
2,23
1,23
3,22
2,22
1,22
3,21
2,21
1,21
3,20
2,20
1,20
3,19
2,19
1,19
3,18
2,18
1,18
3,17
2,17
1,17
3,16
2,16
1,16
3,15
2,15
1,15
3,14
2,14
1,14
3,13
2,13
1,13
3,12
2,12
1,12
3,11
2,11
1,11
3,10
2,10
1,10
3,9
2,9
1,9
3,8
2,8
1,8
3,7
2,7
1,7
3,6
2,6
1,6
3,5
2,5
1,5
3,46
3,4
2,46
2,4
1,46
1,4
3,45
3,3
3,0
2,45
2,3
2,0
1,3
1,0
0,6
0,0
0,47
0,46
0,49
0,48
0,45
0,12
0,10
0,8
0,11
0,5
0,7
0,4
0,3
